342 25
342 48
342 71
388 71
365 71
388 94
388 117
388 140
388 163
388 186
365 186
342 186
319 186
296 186
273 186
250 186
227 186
227 163
227 140
227 117
227 94
227 71
250 71
273 71
273 48
273 25
457 71
457 94
457 117
480 117
480 140
503 140
526 140
549 140
549 209
526 209
503 209
480 209
457 209
457 232
457 255
457 278
457 301
480 301
503 301
526 301
549 301
549 347
526 347
503 347
480 347
457 347
457 370
434 370
434 393
434 416
457 416
457 439
480 439
503 439
526 439
549 439
549 508
526 508
503 508
480 508
457 508
434 508
434 531
434 554
365 554
365 531
365 508
365 485
365 462
365 439
342 439
319 439
296 439
273 439
250 439
250 462
250 485
250 508
250 531
250 554
181 554
181 531
181 508
181 485
181 462
158 462
135 462
112 462
89 462
66 462
66 370
89 370
112 370
135 370
158 370
181 370
204 370
204 347
204 324
204 301
204 278
204 255
181 255
158 255
135 255
135 232
112 232
89 232
66 232
158 71
158 94
158 117
158 140
158 163
135 163
112 163
89 163
66 163
273 25
250 2
227 25
204 25
181 48
43 163
20 186
43 209
43 393
20 416
43 439
181 577
204 600
227 577
388 577
411 600
434 577
572 485
595 462
572 439
572 324
572 186
595 163
572 140
411 25
434 25
434 48
388 25
181 48
204 25
227 25
250 2
273 25
342 25
365 2
365 255
365 278
365 301
365 324
365 347
365 370
365 393
342 393
319 393
296 393
273 393
273 370
273 347
273 324
273 301
273 278
273 255
296 255
319 255
342 255